<?xml version="1.0"?>
<opencv_storage>
<Camera type_id="opencv-matrix">
  <rows>3</rows>
  <cols>3</cols>
  <dt>d</dt>
  <data>
    7.9363476763441645e+002 0. 2.8349509037701375e+002 0.
    8.0788352494692356e+002 2.1944745585676790e+002 0. 0. 1.</data></Camera>
 <!-- resumed -->

<Camera0 type_id="opencv-matrix">
  <rows>3</rows>
  <cols>3</cols>
  <dt>d</dt>
  <data>
    7.2437896487905834e+002 0. 2.9388152793737203e+002 0.
    7.2378054783016080e+002 2.5398280665311208e+002 0. 0. 1.</data></Camera0>
 <!-- resumed -->

<Camera2 type_id="opencv-matrix">
  <rows>3</rows>
  <cols>3</cols>
  <dt>d</dt>
  <data>
    6.0230555849270024e+002 0. 3.2342904659156949e+002 0.
    6.0233859072141956e+002 2.4652828190530164e+002 0. 0. 1.</data></Camera2>
 <!-- resumed -->

</opencv_storage>
