<?xml version="1.0"?>
<opencv_storage>
<Left type_id="opencv-matrix">
  <rows>3</rows>
  <cols>3</cols>
  <dt>d</dt>
  <data>
    6.1013619756745618e+002 0. 3.2282400535037328e+002 0.
    6.1012374744954639e+002 2.5307062616924955e+002 0. 0. 1.</data></Left>

<Right type_id="opencv-matrix">
  <rows>3</rows>
  <cols>3</cols>
  <dt>d</dt>
  <data>
    6.1643149237275907e+002 0. 3.0264222194227051e+002 0.
    6.1553144555404901e+002 2.4622016473168009e+002 0. 0. 1.</data></Right>

<Left800_600 type_id="opencv-matrix">
  <rows>3</rows>
  <cols>3</cols>
  <dt>d</dt>
  <data>
    7.8571482401551486e+002 0. 3.9711480681743791e+002 0.
    7.8630399463983281e+002 3.1564647198607668e+002 0. 0. 1.</data></Left800_600>

<Right800_600 type_id="opencv-matrix">
  <rows>3</rows>
  <cols>3</cols>
  <dt>d</dt>
  <data>
    7.8681128669798784e+002 0. 3.7937179136428739e+002 0.
    7.8654544558267355e+002 3.0280720433258688e+002 0. 0. 1.</data></Right800_600>
</opencv_storage>
